8.9436849620e+01	-6.0407233840e+00	6.3448377790e+00
8.9335302260e+01	-5.9656478680e+00	6.3588313350e+00
8.9233750810e+01	-5.8681713440e+00	6.3710929570e+00
8.9137013090e+01	-5.7459818100e+00	6.3798793950e+00
8.9051826930e+01	-5.5979589830e+00	6.3824720210e+00
8.8988042200e+01	-5.4257030310e+00	6.3752543420e+00
8.8957726910e+01	-5.2367709090e+00	6.3575094920e+00
8.8968516910e+01	-5.0395633220e+00	6.3301548960e+00
8.9005975510e+01	-4.8355376110e+00	6.2957625800e+00
8.9077163170e+01	-4.6296369630e+00	6.2562666960e+00
8.9192045730e+01	-4.4172421060e+00	6.2155960790e+00
8.9342525130e+01	-4.1691904660e+00	6.1709661990e+00
8.9503165150e+01	-3.8973046150e+00	6.1240258000e+00
8.9675368850e+01	-3.6056990540e+00	6.0738139740e+00
8.9866552640e+01	-3.2897173740e+00	6.0193650290e+00
9.0075820140e+01	-2.9529480300e+00	5.9600973670e+00
9.0309353590e+01	-2.5887151700e+00	5.8955670700e+00
9.0564238520e+01	-2.2056308930e+00	5.8254365670e+00
9.0853563790e+01	-1.7891465600e+00	5.7485979790e+00
9.1177119100e+01	-1.3458051280e+00	5.6648549320e+00
9.1539208600e+01	-8.7680605500e-01	5.5736389770e+00
9.1944382270e+01	-3.8482293290e-01	5.4744465490e+00
9.2410800440e+01	1.4004486990e-01	5.3664715820e+00
9.2934365450e+01	6.7970582780e-01	5.2479272180e+00
9.3526592900e+01	1.2310931400e+00	5.1173528850e+00
9.4230227950e+01	1.8117531360e+00	4.9730510570e+00
9.5002744390e+01	2.3676820110e+00	4.8161532120e+00
9.5924246650e+01	2.9280115810e+00	4.6426465880e+00
9.6922560820e+01	3.4220828720e+00	4.4548087070e+00
9.8094312110e+01	3.8733089490e+00	4.2490555960e+00
9.9347348730e+01	4.2263790820e+00	4.0275066940e+00
1.0067751740e+02	4.4670329600e+00	3.8057920300e+00
1.0189516940e+02	4.5689033670e+00	3.6242794820e+00
1.0302636580e+02	4.5683364670e+00	3.4310015820e+00
1.0407587560e+02	4.4778005870e+00	3.2736215480e+00
1.0503710430e+02	4.3176228930e+00	3.1337381900e+00
1.0591104800e+02	4.1029371890e+00	3.0119428550e+00
1.0668611230e+02	3.8538970420e+00	2.9036606490e+00
1.0739529480e+02	3.5732107680e+00	2.8055468530e+00
1.0802489590e+02	3.2774712500e+00	2.7200425130e+00
1.0858961640e+02	2.9710142900e+00	2.6464353260e+00
1.0909744830e+02	2.6617481020e+00	2.5845626840e+00
1.0954727760e+02	2.3641312690e+00	2.5305962510e+00
1.0997122060e+02	2.0619288750e+00	2.4921032450e+00
1.1033661820e+02	1.7908627540e+00	2.4520787030e+00
1.1067949040e+02	1.5247863190e+00	2.4215243250e+00
1.1099107240e+02	1.2729920800e+00	2.3987940990e+00
1.1126655290e+02	1.0442383750e+00	2.3809122370e+00
1.1152859750e+02	8.2619409320e-01	2.3681202120e+00
1.1175358380e+02	6.3287205070e-01	2.3719094800e+00
1.1194193600e+02	4.5131377930e-01	2.3667747610e+00
1.1209013850e+02	2.7035483610e-01	2.3667880640e+00
1.1220775550e+02	8.5167124030e-02	2.3665698610e+00
1.1229785970e+02	-1.0187844180e-01	2.3660058280e+00
1.1236061610e+02	-2.8306343030e-01	2.3637117590e+00
1.1239739720e+02	-4.5110836630e-01	2.3661770600e+00
1.1240849960e+02	-5.9863830580e-01	2.3648292240e+00
1.1239105450e+02	-7.3784485320e-01	2.3626863050e+00
1.1234890070e+02	-8.6548287500e-01	2.3606976390e+00
1.1228653000e+02	-9.7980218860e-01	2.3591880650e+00
1.1220891920e+02	-1.0764079600e+00	2.3581418310e+00
1.1212160890e+02	-1.1534484510e+00	2.3603202480e+00
1.1201866120e+02	-1.2171480020e+00	2.3631093680e+00
1.1190413470e+02	-1.2635853690e+00	2.3662856680e+00
1.1177933340e+02	-1.2898911370e+00	2.3693300500e+00
1.1165049270e+02	-1.2910353590e+00	2.3697959810e+00
1.1149190820e+02	-1.2637328930e+00	2.3729182020e+00
1.1133076120e+02	-1.2137772210e+00	2.3728458040e+00
1.1116968370e+02	-1.1465952490e+00	2.3716863220e+00
1.1099907010e+02	-1.0561920490e+00	2.3709721320e+00
1.1083668820e+02	-9.4906441200e-01	2.3736442750e+00
1.1066373820e+02	-8.1297600790e-01	2.3753322510e+00
1.1049796250e+02	-6.6058776310e-01	2.3846361120e+00
1.1029469860e+02	-4.7303138770e-01	2.3952808530e+00
1.1006317180e+02	-2.7767984950e-01	2.4167562210e+00
1.0978112790e+02	-6.1541567410e-02	2.4400037820e+00
1.0946783090e+02	1.5596823870e-01	2.4673526110e+00
1.0911493460e+02	3.7636329960e-01	2.5024173980e+00
1.0872250700e+02	5.9464575230e-01	2.5435381230e+00
1.0828581370e+02	8.1019675200e-01	2.5937116340e+00
1.0780449310e+02	1.0199453820e+00	2.6538864190e+00
1.0727371470e+02	1.2234843260e+00	2.7242233910e+00
1.0669110110e+02	1.4192379950e+00	2.8069476370e+00
1.0605173920e+02	1.6011930930e+00	2.9001961860e+00
1.0534820410e+02	1.7622041010e+00	3.0040754230e+00
1.0457726710e+02	1.8925834040e+00	3.1223796330e+00
1.0373736370e+02	1.9797535480e+00	3.2576117940e+00
1.0288465880e+02	2.0056706730e+00	3.3771099050e+00
1.0192229830e+02	1.9650891650e+00	3.5403654040e+00
1.0089739810e+02	1.8335168950e+00	3.7181901790e+00
9.9841969310e+01	1.5969800430e+00	3.9052345210e+00
9.8788727140e+01	1.2526363360e+00	4.1063576630e+00
9.7870152230e+01	8.5742028040e-01	4.2859611140e+00
9.7043380040e+01	4.2270473830e-01	4.4550882960e+00
9.6302945900e+01	-3.5285160330e-02	4.6140633620e+00
9.5626510730e+01	-5.1693218040e-01	4.7673574510e+00
9.5031829740e+01	-9.8853353840e-01	4.9064796820e+00
9.4501352150e+01	-1.4417066250e+00	5.0306374990e+00
9.4010333590e+01	-1.8879489000e+00	5.1497910400e+00
9.3566799780e+01	-2.3182214820e+00	5.2593478570e+00
9.3167289030e+01	-2.7325241870e+00	5.3604128890e+00
9.2812751240e+01	-3.1253432890e+00	5.4535036230e+00
9.2494462530e+01	-3.5024067010e+00	5.5396364650e+00
9.2209975310e+01	-3.8626739580e+00	5.6196981510e+00
9.1980556960e+01	-4.1729468090e+00	5.6866224930e+00
9.1773805870e+01	-4.4690155600e+00	5.7503660770e+00
9.1585971400e+01	-4.7521638460e+00	5.8112993470e+00
9.1418231090e+01	-5.0202775380e+00	5.8699615280e+00
9.1249188010e+01	-5.2987742620e+00	5.9313500400e+00
9.1069052370e+01	-5.5435613040e+00	5.9871409020e+00
9.0874651520e+01	-5.7469236550e+00	6.0366978960e+00
9.0676255400e+01	-5.9092495280e+00	6.0807965570e+00
9.0476930080e+01	-6.0347111480e+00	6.1196808700e+00
9.0302805310e+01	-6.1183495870e+00	6.1593273720e+00
9.0145083450e+01	-6.1696661610e+00	6.1942169560e+00
9.0013257690e+01	-6.1907755080e+00	6.2287366580e+00
8.9871360340e+01	-6.1903158780e+00	6.2574771450e+00
8.9747080140e+01	-6.1712090420e+00	6.2835153870e+00
8.9631464080e+01	-6.1374848510e+00	6.3068495490e+00
