0.199464
0.199334
0.199222
0.199132
0.199068
0.199033
0.199028
0.199053
0.199108
0.19919
0.199295
0.199419
0.199557
0.199701
0.201856
0.203891
0.20595
0.208031
0.210132
0.21225
0.214383
0.21653
0.218688
0.220854
0.223027
0.225205
0.227385
0.229565
0.231742
0.233916
0.236082
0.238241
0.240388
0.242522
0.244641
0.246742
0.248824
0.250883
0.252919
0.254929
0.25691
0.258861
0.260778
0.262661
0.264507
0.266313
0.268078
0.269799
0.271474
0.273101
0.274677
0.276201
0.277665
0.27923
0.279452
0.279698
0.279956
0.280217
0.280468
0.280699
0.280899
0.28106
0.281175
0.281238
0.281247
0.281202
0.281104
0.279729
0.278563
0.277328
0.276001
0.274587
0.273089
0.271511
0.269857
0.268131
0.266336
0.264477
0.262556
0.260579
0.258549
0.256469
0.254344
0.252177
0.249972
0.247732
0.245463
0.243167
0.240849
0.238512
0.23616
0.233796
0.231426
0.229051
0.226677
0.224308
0.221946
0.219596
0.217261
0.214946
0.212654
0.210389
0.208155
0.205956
0.203795
0.201677
